7 0.7501240079365079 0.18485449735449735 0.16195436507936506 0.08796296296296297
6 0.765500992063492 0.2743055555555555 0.16493055555555555 0.10945767195767195
4 0.7678571428571428 0.5745701058201058 0.1433531746031746 0.21593915343915343
8 0.4691220238095238 0.7336309523809523 0.5736607142857143 0.09821428571428571
0 0.531125992063492 0.7202380952380952 0.06820436507936507 0.08597883597883597
5 0.5745287698412698 0.6332671957671957 0.05282738095238095 0.17261904761904762
14 0.3655753968253968 0.6669973544973544 0.24404761904761904 0.24206349206349204
18 0.17993551587301587 0.5960648148148148 0.1892361111111111 0.2470238095238095
16 0.1892361111111111 0.4117063492063492 0.05109126984126984 0.06812169312169311
11 0.4740823412698412 0.4923941798941799 0.20709325396825395 0.2771164021164021
10 0.5151289682539683 0.4087301587301587 0.05505952380952381 0.051587301587301584
9 0.6434771825396826 0.5734126984126984 0.07911706349206349 0.1541005291005291
3 0.5787450396825397 0.2918320105820106 0.19122023809523808 0.22519841269841268
2 0.42956349206349204 0.30009920634920634 0.1349206349206349 0.1531084656084656
15 0.40860615079365076 0.33052248677248675 0.06026785714285714 0.10218253968253968
20 0.2497519841269841 0.20750661375661375 0.07886904761904762 0.09821428571428571
19 0.24441964285714285 0.2726521164021164 0.043402777777777776 0.06514550264550265
