18 0.16341463414634147 0.630832570905764 0.23902439024390243 0.15096065873741996
14 0.41036585365853656 0.6720036596523331 0.27682926829268295 0.15462031107044832
16 0.18536585365853658 0.5036596523330283 0.06585365853658537 0.046660567246111624
6 0.15914634146341464 0.3888380603842635 0.19634146341463415 0.07136322049405307
7 0.18048780487804877 0.3211344922232388 0.22926829268292684 0.07868252516010979
12 0.5457317073170732 0.39615736505032023 0.38658536585365855 0.18847209515096067
20 0.7792682926829269 0.32936870997255263 0.08536585365853659 0.06404391582799634
19 0.775609756097561 0.383348581884721 0.07560975609756097 0.04391582799634035
9 0.7036585365853658 0.5759377859103385 0.1 0.08142726440988106
5 0.6414634146341464 0.6225983531564502 0.06097560975609756 0.1271729185727356
8 0.5323170731707317 0.7044830741079597 0.6573170731707317 0.06953339432753888
0 0.5939024390243902 0.687099725526075 0.07560975609756097 0.03476669716376944
13 0.5426829268292683 0.646843549862763 0.10975609756097561 0.04940530649588289
4 0.8536585365853658 0.5869167429094236 0.16585365853658537 0.1747483989021043
11 0.5140243902439025 0.5498627630375115 0.21097560975609755 0.1372369624885636
10 0.5481707317073171 0.4817017383348582 0.06219512195121951 0.04483074107959744
