14 0.40390625 0.5864583333333333 0.24531250000000002 0.20208333333333334
18 0.19062500000000002 0.5291666666666667 0.21875 0.2
16 0.21171875 0.37083333333333335 0.0703125 0.06666666666666667
6 0.2015625 0.2520833333333333 0.1625 0.09583333333333333
7 0.2265625 0.17291666666666666 0.17500000000000002 0.0625
8 0.50703125 0.6416666666666666 0.6078125000000001 0.10416666666666667
0 0.5734375 0.6041666666666666 0.07187500000000001 0.04583333333333333
5 0.61328125 0.5458333333333333 0.0390625 0.15416666666666667
11 0.4890625 0.45208333333333334 0.19375 0.22916666666666666
12 0.52578125 0.271875 0.3515625 0.20208333333333334
9 0.66953125 0.4947916666666667 0.060937500000000006 0.16041666666666665
4 0.78671875 0.49374999999999997 0.1296875 0.19166666666666665
20 0.7140625 0.19583333333333333 0.05625 0.09166666666666666
