18 0.2833333333333333 0.5066666666666667 0.32666666666666666 0.19333333333333336
8 0.6766666666666667 0.465 0.5266666666666667 0.27
0 0.7666666666666667 0.3816666666666667 0.07333333333333333 0.043333333333333335
13 0.6316666666666667 0.42833333333333334 0.18333333333333335 0.10333333333333335
11 0.55 0.30000000000000004 0.2066666666666667 0.22
12 0.44833333333333336 0.15666666666666668 0.4166666666666667 0.19333333333333336
16 0.18833333333333335 0.36000000000000004 0.07666666666666667 0.05333333333333334
6 0.060000000000000005 0.24333333333333335 0.12000000000000001 0.08666666666666667
7 0.060000000000000005 0.14833333333333334 0.12000000000000001 0.08333333333333334
9 0.7166666666666667 0.28500000000000003 0.06666666666666667 0.10333333333333335
4 0.8250000000000001 0.24000000000000002 0.16333333333333333 0.11333333333333334
19 0.6000000000000001 0.09166666666666667 0.08 0.05
20 0.5750000000000001 0.04 0.09666666666666668 0.060000000000000005
