1 0.13963414634146343 0.8439024390243902 0.19878048780487806 0.23414634146341462
16 0.250609756097561 0.5682926829268292 0.06463414634146342 0.07317073170731707
13 0.5079268292682927 0.8626016260162601 0.2597560975609756 0.15121951219512195
6 0.19695121951219513 0.39186991869918697 0.18414634146341463 0.13333333333333333
7 0.23170731707317074 0.31869918699186994 0.1902439024390244 0.12032520325203253
10 0.5579268292682927 0.5447154471544715 0.0475609756097561 0.05203252032520325
2 0.4652439024390244 0.4186991869918699 0.14268292682926828 0.14796747967479676
15 0.4548780487804878 0.47804878048780486 0.07073170731707316 0.1073170731707317
3 0.6195121951219512 0.4170731707317073 0.20243902439024392 0.17073170731707318
8 0.5317073170731708 0.9398373983739837 0.7121951219512195 0.11707317073170731
0 0.6298780487804878 0.9089430894308943 0.07195121951219512 0.07154471544715447
5 0.6597560975609756 0.7991869918699187 0.07073170731707316 0.21300813008130082
9 0.7176829268292683 0.7008130081300813 0.07926829268292683 0.14308943089430895
4 0.8451219512195122 0.7333333333333333 0.16585365853658537 0.2959349593495935
19 0.7396341463414634 0.3983739837398374 0.06219512195121951 0.04878048780487805
20 0.7298780487804878 0.33495934959349594 0.08170731707317073 0.07804878048780488
11 0.5274390243902439 0.7577235772357723 0.19146341463414634 0.08455284552845528
