14 0.4161290322580645 0.716183574879227 0.25806451612903225 0.21014492753623187
18 0.19274193548387097 0.6642512077294686 0.20483870967741935 0.1932367149758454
16 0.2161290322580645 0.4915458937198067 0.06451612903225806 0.07004830917874395
6 0.20967741935483872 0.3659420289855072 0.18064516129032257 0.12318840579710144
7 0.24516129032258063 0.286231884057971 0.18064516129032257 0.0748792270531401
12 0.5483870967741935 0.3756038647342995 0.3580645161290323 0.214975845410628
11 0.5145161290322581 0.5591787439613526 0.2064516129032258 0.214975845410628
8 0.521774193548387 0.7717391304347826 0.617741935483871 0.09903381642512077
0 0.582258064516129 0.7053140096618357 0.07096774193548387 0.05314009661835749
5 0.6395161290322581 0.6908212560386473 0.05 0.13526570048309178
4 0.842741935483871 0.6364734299516908 0.1403225806451613 0.21014492753623187
19 0.7637096774193548 0.3828502415458937 0.06935483870967742 0.06038647342995169
20 0.7701612903225806 0.3079710144927536 0.08870967741935484 0.08454106280193237
9 0.6975806451612904 0.6219806763285024 0.05967741935483871 0.1714975845410628
