14 0.2817073170731707 0.8472972972972973 0.17560975609756097 0.28918918918918923
18 0.1676829268292683 0.7081081081081082 0.1597560975609756 0.3027027027027027
16 0.18536585365853658 0.5081081081081081 0.04390243902439024 0.08108108108108109
2 0.37378048780487805 0.31486486486486487 0.12317073170731707 0.2675675675675676
15 0.349390243902439 0.37027027027027026 0.054878048780487805 0.12432432432432433
3 0.49878048780487805 0.27972972972972976 0.1951219512195122 0.3432432432432433
0 0.39207317073170733 0.8608108108108109 0.06219512195121951 0.11081081081081082
8 0.375 0.922972972972973 0.45 0.12162162162162163
9 0.5231707317073171 0.6770270270270271 0.04878048780487805 0.23513513513513515
5 0.450609756097561 0.7567567567567568 0.07195121951219512 0.2918918918918919
4 0.6310975609756098 0.6824324324324325 0.1475609756097561 0.41891891891891897
19 0.6286585365853659 0.24054054054054055 0.03780487804878049 0.08648648648648649
20 0.6298780487804878 0.11891891891891893 0.06707317073170732 0.13513513513513514
11 0.38353658536585367 0.5864864864864865 0.16707317073170733 0.43783783783783786
10 0.4195121951219512 0.4594594594594595 0.046341463414634146 0.07567567567567568
6 0.2146341463414634 0.30945945945945946 0.11219512195121951 0.1918918918918919
7 0.24024390243902438 0.18513513513513513 0.13902439024390245 0.1810810810810811
