8 0.69296875 0.69375 0.3171875 0.4875
0 0.76328125 0.5145833333333333 0.0421875 0.05
13 0.6609375000000001 0.6291666666666667 0.16562500000000002 0.19583333333333333
5 0.7140625 0.4979166666666667 0.134375 0.0625
4 0.73984375 0.39791666666666664 0.1609375 0.1
9 0.6804687500000001 0.4322916666666667 0.060937500000000006 0.09375
11 0.5484375 0.5125 0.1875 0.2791666666666667
12 0.43125 0.3697916666666667 0.340625 0.18125
20 0.50234375 0.24479166666666666 0.07968750000000001 0.052083333333333336
1 0.353125 0.8666666666666667 0.22812500000000002 0.1375
16 0.30703125000000003 0.5208333333333334 0.051562500000000004 0.041666666666666664
6 0.07578125000000001 0.5458333333333333 0.1453125 0.17916666666666667
7 0.08203125 0.428125 0.1453125 0.12291666666666666
