14 0.32890625 0.36262448740480374 0.17500000000000002 0.22612770943175162
18 0.23945312500000002 0.2120679554774458 0.16015625 0.18394844756883422
8 0.42578125 0.46367896895137667 0.446875 0.3274751025190393
0 0.4560546875 0.44522554188635033 0.057421875000000004 0.05038078500292911
5 0.53828125 0.4118336262448741 0.09296875 0.14997070884592853
11 0.48378906250000003 0.2322788517867604 0.181640625 0.26420620972466313
2 0.5337890625 0.06004686584651435 0.158203125 0.1200937316930287
15 0.49062500000000003 0.07820738137082602 0.055468750000000004 0.08728763913298183
4 0.739453125 0.46953719976567077 0.1625 0.23022847100175747
19 0.821875 0.16461628588166374 0.06171875 0.07498535442296426
20 0.835546875 0.07879320445225542 0.078125 0.1048623315758641
3 0.6767578125 0.13620386643233742 0.197265625 0.23842999414176919
9 0.624609375 0.39015817223198596 0.06171875 0.16637375512595196
16 0.28847656250000003 0.07264206209724663 0.045703125000000004 0.05506736965436438
