6 0.14765625000000002 0.371875 0.1765625 0.11458333333333333
7 0.1765625 0.275 0.178125 0.08333333333333333
18 0.11484375000000001 0.7114583333333333 0.22968750000000002 0.2604166666666667
14 0.34921875 0.8 0.2921875 0.25416666666666665
16 0.13671875 0.5145833333333333 0.060937500000000006 0.0625
11 0.478125 0.6 0.259375 0.29583333333333334
12 0.5265625 0.38958333333333334 0.39375000000000004 0.25
19 0.7578125 0.3770833333333333 0.07500000000000001 0.06666666666666667
20 0.74765625 0.296875 0.09843750000000001 0.09791666666666667
5 0.6171875 0.7239583333333334 0.053125000000000006 0.20208333333333334
8 0.48828125 0.853125 0.7421875 0.11041666666666666
9 0.68515625 0.6604166666666667 0.0703125 0.1625
4 0.84296875 0.678125 0.18281250000000002 0.25625
