8 0.5170731707317073 0.7044830741079597 0.6634146341463415 0.07502287282708144
0 0.5932926829268292 0.687099725526075 0.07926829268292683 0.0384263494967978
14 0.400609756097561 0.6678865507776761 0.26951219512195124 0.1262580054894785
18 0.17256097560975608 0.6102470265324794 0.21341463414634146 0.15919487648673378
16 0.17621951219512194 0.4990850869167429 0.06463414634146342 0.043000914913083256
6 0.15121951219512195 0.3897529734675206 0.22439024390243903 0.09149130832570906
7 0.175 0.3220494053064959 0.25 0.0878316559926807
12 0.5329268292682927 0.40210430009149134 0.3902439024390244 0.18938700823421775
11 0.5304878048780488 0.544373284537969 0.22439024390243903 0.14089661482159196
9 0.6926829268292682 0.5722781335773102 0.0951219512195122 0.0777676120768527
20 0.775609756097561 0.32753888380603846 0.07073170731707316 0.07136322049405307
19 0.7670731707317073 0.3806038426349497 0.058536585365853655 0.036596523330283626
4 0.8445121951219512 0.5818847209515097 0.1402439024390244 0.15187557182067704
