4 0.41712962962962963 0.6194444444444445 0.3601851851851852 0.19444444444444445
20 0.9337962962962963 0.3550925925925926 0.13055555555555556 0.10092592592592593
19 0.9032407407407408 0.42962962962962964 0.14907407407407408 0.05740740740740741
12 0.6189814814814815 0.2638888888888889 0.5398148148148149 0.26296296296296295
11 0.2972222222222222 0.3564814814814815 0.26481481481481484 0.20185185185185187
5 0.21851851851851853 0.4828703703703704 0.28703703703703703 0.06759259259259259
8 0.07685185185185185 0.5425925925925926 0.1537037037037037 0.21481481481481482
0 0.051388888888888894 0.4287037037037037 0.04351851851851852 0.053703703703703705
14 0.05694444444444444 0.3541666666666667 0.10648148148148148 0.1564814814814815
18 0.04490740740740741 0.2638888888888889 0.08981481481481482 0.11481481481481481
16 0.1875 0.18981481481481483 0.062037037037037036 0.05
6 0.37777777777777777 0.09398148148148149 0.11851851851851852 0.10462962962962963
7 0.4912037037037037 0.09212962962962963 0.17500000000000002 0.10833333333333334
