14 0.3847560975609756 0.5521500457456542 0.24024390243902438 0.10521500457456542
18 0.18048780487804877 0.5347666971637695 0.22926829268292684 0.11436413540713633
16 0.19634146341463415 0.4432753888380604 0.06585365853658537 0.03385178408051235
6 0.19451219512195123 0.3906678865507777 0.16219512195121952 0.056724611161939616
7 0.23109756097560977 0.34309240622140896 0.20121951219512196 0.05489478499542544
12 0.5286585365853659 0.3915827996340348 0.3280487804878049 0.09881061299176579
11 0.49329268292682926 0.4867337602927722 0.19146341463414634 0.09149130832570906
10 0.5158536585365854 0.4377859103385179 0.05121951219512195 0.028362305580969808
9 0.6548780487804878 0.5146386093321135 0.07317073170731707 0.08325709057639524
0 0.5542682926829269 0.5567246111619396 0.06219512195121951 0.024702653247941447
8 0.48048780487804876 0.5731930466605673 0.6 0.05580969807868253
4 0.7908536585365854 0.5155535224153706 0.14268292682926828 0.10704483074107961
20 0.723780487804878 0.36596523330283626 0.06951219512195123 0.04025617566331199
19 0.7207317073170731 0.3947849954254346 0.07560975609756097 0.03751143641354072
