14 0.404375 0.8858333333333334 0.23125 0.21500000000000002
18 0.21 0.7991666666666667 0.185 0.16833333333333333
16 0.24375 0.6541666666666667 0.0425 0.058333333333333334
6 0.254375 0.5158333333333334 0.13125 0.08833333333333333
7 0.28250000000000003 0.4366666666666667 0.17250000000000001 0.07333333333333333
11 0.513125 0.7216666666666667 0.18625 0.21333333333333335
12 0.543125 0.5425 0.30375 0.20833333333333334
0 0.565625 0.9033333333333334 0.058750000000000004 0.04
8 0.501875 0.9458333333333334 0.58375 0.095
5 0.608125 0.8450000000000001 0.06375 0.16
4 0.785 0.7991666666666667 0.14 0.23500000000000001
20 0.71625 0.4733333333333334 0.055 0.08
19 0.7175 0.5341666666666667 0.055 0.04833333333333334
9 0.661875 0.7833333333333334 0.05625 0.14333333333333334
