14 0.499375 0.8062937062937063 0.34875 0.3006993006993007
18 0.185625 0.6706293706293707 0.31875000000000003 0.3146853146853147
16 0.17250000000000001 0.46013986013986014 0.08 0.07272727272727272
8 0.591875 0.8776223776223776 0.77125 0.12727272727272726
0 0.755 0.8496503496503497 0.095 0.07132867132867132
5 0.8175 0.7412587412587412 0.07 0.2153846153846154
9 0.910625 0.6244755244755245 0.09875 0.16083916083916083
11 0.6525 0.5097902097902098 0.335 0.35384615384615387
3 0.806875 0.25244755244755246 0.31625000000000003 0.3062937062937063
2 0.5575 0.24195804195804196 0.19 0.2153846153846154
15 0.534375 0.33776223776223774 0.10625 0.14405594405594405
6 0.15812500000000002 0.2097902097902098 0.24375 0.17622377622377622
7 0.2 0.08461538461538462 0.3025 0.16923076923076924
13 0.689375 0.7734265734265734 0.14625 0.10069930069930069
