18 0.4310096153846154 0.7157287157287158 0.2793269230769231 0.28715728715728717
14 0.6947115384615385 0.6511544011544012 0.23846153846153847 0.23737373737373738
16 0.3454326923076923 0.5414862914862915 0.06971153846153846 0.05844155844155844
6 0.1903846153846154 0.4422799422799423 0.20384615384615384 0.1645021645021645
7 0.17548076923076925 0.3492063492063492 0.1798076923076923 0.1443001443001443
11 0.6252403846153847 0.4707792207792208 0.15048076923076925 0.2215007215007215
5 0.7649038461538462 0.49314574314574317 0.1125 0.07864357864357864
8 0.733173076923077 0.6594516594516594 0.34134615384615385 0.36507936507936506
0 0.8069711538461539 0.5245310245310245 0.0716346153846154 0.07647907647907648
12 0.5242788461538462 0.325036075036075 0.2966346153846154 0.19696969696969696
9 0.7401442307692309 0.4217171717171717 0.05528846153846154 0.09451659451659451
4 0.8096153846153846 0.40945165945165946 0.14134615384615384 0.08585858585858586
20 0.6055288461538462 0.20743145743145744 0.07451923076923077 0.05988455988455989
