14 0.27926829268292686 0.841891891891892 0.16829268292682928 0.28378378378378377
18 0.16158536585365854 0.722972972972973 0.1402439024390244 0.2783783783783784
16 0.1878048780487805 0.5121621621621621 0.03902439024390244 0.0891891891891892
8 0.3670731707317073 0.8891891891891892 0.44390243902439025 0.13513513513513514
0 0.3975609756097561 0.8581081081081081 0.06585365853658537 0.07297297297297298
5 0.4554878048780488 0.7662162162162163 0.07682926829268293 0.2567567567567568
11 0.39207317073170733 0.5675675675675675 0.15 0.3783783783783784
10 0.4146341463414634 0.45270270270270274 0.04390243902439024 0.06756756756756757
2 0.3878048780487805 0.2945945945945946 0.12195121951219512 0.25405405405405407
15 0.348780487804878 0.37432432432432433 0.058536585365853655 0.12162162162162163
3 0.49878048780487805 0.2783783783783784 0.18292682926829268 0.32972972972972975
19 0.6292682926829268 0.22837837837837838 0.04878048780487805 0.07837837837837838
20 0.6310975609756098 0.13108108108108107 0.06463414634146342 0.15405405405405406
4 0.6414634146341464 0.664864864864865 0.13902439024390245 0.34054054054054056
6 0.21585365853658536 0.3027027027027027 0.11219512195121951 0.16216216216216217
7 0.24085365853658536 0.1783783783783784 0.1378048780487805 0.14594594594594595
