14 0.398681640625 0.8382245047688922 0.27490234375 0.3074101247248716
0 0.611083984375 0.8360234776228908 0.07861328125 0.07850330154071901
8 0.530029296875 0.9137931034482759 0.72021484375 0.13279530447542187
4 0.86767578125 0.6683785766691123 0.154296875 0.3037417461482025
18 0.1640625 0.7245047688921497 0.25390625 0.3044754218635363
16 0.190185546875 0.48349229640498903 0.06494140625 0.08950843727072634
2 0.46240234375 0.3327219369038885 0.1611328125 0.20469552457813647
15 0.427978515625 0.3789435069699193 0.10205078125 0.10491562729273661
3 0.627197265625 0.3103448275862069 0.22607421875 0.22890682318415262
20 0.765869140625 0.21643433602347764 0.07080078125 0.09537784299339692
19 0.764892578125 0.3000733675715334 0.07177734375 0.0748349229640499
9 0.71435546875 0.6628760088041086 0.0703125 0.1988261188554659
5 0.652099609375 0.7402787967718268 0.06591796875 0.22303741746148203
11 0.52880859375 0.5462215700660309 0.2373046875 0.3484959647835657
10 0.56396484375 0.45744680851063835 0.0625 0.07410124724871607
6 0.210693359375 0.3220836390315481 0.18701171875 0.18782098312545856
7 0.2431640625 0.18965517241379312 0.1845703125 0.13573000733675716
