0 0.6358462199312714 0.8475190839694656 0.07195017182130584 0.06984732824427481
8 0.5344716494845361 0.8851145038167939 0.6436855670103092 0.14198473282442747
4 0.8369845360824743 0.658587786259542 0.1688144329896907 0.29732824427480914
9 0.7095146048109966 0.6467557251908397 0.08140034364261169 0.1713740458015267
11 0.530713058419244 0.5276717557251909 0.22164948453608246 0.3484732824427481
10 0.5762457044673539 0.42366412213740456 0.051975945017182126 0.07786259541984733
1 0.1870704467353952 0.7645038167938931 0.1400343642611684 0.28549618320610687
16 0.2778135738831615 0.29083969465648857 0.06507731958762887 0.09618320610687023
2 0.4576890034364261 0.27614503816793895 0.15850515463917525 0.21717557251908395
15 0.4410438144329897 0.33625954198473285 0.08655498281786941 0.11068702290076336
3 0.6303694158075601 0.283587786259542 0.22508591065292097 0.2366412213740458
6 0.1955541237113402 0.2013358778625954 0.21026632302405499 0.1881679389312977
7 0.226696735395189 0.07022900763358779 0.17762027491408935 0.1
19 0.7410867697594502 0.2933206106870229 0.06292955326460481 0.09351145038167939
20 0.7432345360824743 0.1847328244274809 0.09256872852233677 0.10534351145038168
