14 0.46841931216931215 0.7668650793650793 0.4560185185185185 0.31101190476190477
18 0.11574074074074073 0.7585565476190476 0.23015873015873015 0.24280753968253968
8 0.5497685185185185 0.7864583333333333 0.84755291005291 0.38541666666666663
0 0.7192460317460317 0.6676587301587301 0.09523809523809523 0.06299603174603174
5 0.6957671957671957 0.6004464285714285 0.17526455026455026 0.13541666666666666
9 0.6942791005291005 0.5105406746031745 0.1087962962962963 0.09598214285714285
2 0.24718915343915343 0.39322916666666663 0.2371031746031746 0.140625
15 0.2576058201058201 0.4289434523809524 0.10582010582010581 0.07316468253968253
3 0.47883597883597884 0.34933035714285715 0.3115079365079365 0.11879960317460317
4 0.8508597883597883 0.4997519841269841 0.23148148148148145 0.16121031746031744
20 0.5669642857142857 0.2755456349206349 0.11276455026455026 0.07638888888888888
19 0.6006944444444444 0.328125 0.06779100529100529 0.03720238095238095
