14 0.375 0.6963519313304721 0.296875 0.26824034334763946
18 0.15390625000000002 0.5976394849785408 0.2328125 0.2811158798283262
16 0.16718750000000002 0.38626609442060084 0.06875 0.07296137339055794
6 0.18359375 0.22639484978540772 0.1796875 0.15236051502145923
7 0.209375 0.11695278969957082 0.2 0.10515021459227468
12 0.54609375 0.23819742489270387 0.37343750000000003 0.2703862660944206
11 0.5 0.48819742489270385 0.22187500000000002 0.28969957081545067
10 0.53515625 0.36587982832618027 0.0578125 0.0536480686695279
5 0.6125 0.6266094420600858 0.05625 0.2017167381974249
8 0.47734375 0.7714592274678111 0.6796875 0.09227467811158799
0 0.55625 0.7274678111587983 0.08125 0.06866952789699571
13 0.52734375 0.6738197424892703 0.09531250000000001 0.12017167381974249
9 0.6804687500000001 0.555793991416309 0.07968750000000001 0.18884120171673818
4 0.83203125 0.5482832618025751 0.18906250000000002 0.2811158798283262
19 0.76171875 0.22639484978540772 0.0671875 0.06223175965665236
20 0.77109375 0.1405579399141631 0.0921875 0.10944206008583691
