4 0.6384146341463415 0.672972972972973 0.11829268292682926 0.32432432432432434
20 0.6274390243902439 0.13783783783783785 0.06219512195121951 0.15135135135135136
19 0.6323170731707317 0.2391891891891892 0.045121951219512194 0.1
3 0.5042682926829268 0.29864864864864865 0.16707317073170733 0.327027027027027
2 0.37865853658536586 0.295945945945946 0.11585365853658537 0.21891891891891893
15 0.35304878048780486 0.3621621621621622 0.054878048780487805 0.08648648648648649
11 0.38414634146341464 0.55 0.13658536585365855 0.3810810810810811
14 0.275609756097561 0.8378378378378379 0.16097560975609757 0.2972972972972973
18 0.16890243902439026 0.7175675675675676 0.14268292682926828 0.28378378378378377
16 0.18414634146341463 0.4972972972972973 0.04878048780487805 0.08648648648648649
8 0.374390243902439 0.914864864864865 0.44634146341463415 0.14324324324324325
0 0.3951219512195122 0.8581081081081081 0.07804878048780488 0.08378378378378379
13 0.3823170731707317 0.8148648648648649 0.08414634146341464 0.11081081081081082
9 0.5189024390243903 0.6945945945945946 0.04024390243902439 0.21621621621621623
5 0.45975609756097563 0.75 0.07804878048780488 0.30000000000000004
6 0.21707317073170732 0.3027027027027027 0.14146341463414633 0.16216216216216217
7 0.24390243902439024 0.1783783783783784 0.13414634146341464 0.16756756756756758
