12 0.46158536585365856 0.37757731958762886 0.2841463414634146 0.3015463917525773
20 0.6371951219512195 0.2654639175257732 0.05731707317073171 0.09278350515463918
19 0.6451219512195122 0.34536082474226804 0.05609756097560976 0.07216494845360824
4 0.7018292682926829 0.7100515463917526 0.11829268292682926 0.2963917525773196
9 0.5841463414634146 0.6881443298969072 0.04878048780487805 0.21649484536082475
8 0.45121951219512196 0.9368556701030928 0.4975609756097561 0.1211340206185567
0 0.5042682926829268 0.884020618556701 0.054878048780487805 0.07731958762886598
13 0.424390243902439 0.8530927835051546 0.16585365853658537 0.15979381443298968
5 0.5384146341463415 0.7641752577319587 0.0475609756097561 0.22938144329896906
11 0.43841463414634146 0.6288659793814433 0.1548780487804878 0.33505154639175255
12 0.4676829268292683 0.36597938144329895 0.27682926829268295 0.29381443298969073
1 0.19207317073170732 0.7873711340206185 0.16951219512195123 0.32216494845360827
16 0.18841463414634146 0.5528350515463918 0.06219512195121951 0.1056701030927835
6 0.20426829268292682 0.36082474226804123 0.1402439024390244 0.12886597938144329
7 0.23109756097560977 0.24871134020618557 0.16219512195121952 0.10051546391752578
