12 0.5400132275132274 0.39992559523809523 0.3802910052910053 0.1416170634920635
11 0.4904100529100529 0.5234375 0.25066137566137564 0.15302579365079363
9 0.6827050264550264 0.5767609126984127 0.0949074074074074 0.12078373015873015
4 0.8454034391534391 0.5725446428571428 0.17228835978835977 0.14360119047619047
19 0.7749669312169312 0.4015376984126984 0.08697089947089946 0.039186507936507936
20 0.7605820105820106 0.35044642857142855 0.12103174603174602 0.059027777777777776
14 0.3611111111111111 0.6304563492063492 0.28108465608465605 0.16220238095238093
18 0.1218584656084656 0.5854414682539683 0.24107142857142855 0.15699404761904762
16 0.15988756613756613 0.4769345238095238 0.09093915343915343 0.060019841269841265
6 0.17691798941798942 0.386656746031746 0.2328042328042328 0.0734126984126984
7 0.20601851851851852 0.33072916666666663 0.2275132275132275 0.07118055555555555
8 0.48561507936507936 0.681671626984127 0.7232142857142857 0.05381944444444444
0 0.5580357142857143 0.6469494047619048 0.08829365079365079 0.0339781746031746
5 0.6220238095238095 0.6062748015873015 0.07870370370370369 0.11780753968253968
