18 0.1984126984126984 0.5958581349206349 0.22883597883597884 0.13219246031746032
16 0.2005621693121693 0.5069444444444444 0.05654761904761904 0.039186507936507936
2 0.42857142857142855 0.4289434523809524 0.14616402116402116 0.08804563492063491
15 0.4044312169312169 0.45275297619047616 0.08134920634920634 0.054811507936507936
6 0.1866732804232804 0.4253472222222222 0.17228835978835977 0.07837301587301587
7 0.1997354497354497 0.3618551587301587 0.1931216931216931 0.03621031746031746
8 0.4958664021164021 0.6666666666666666 0.5704365079365079 0.07539682539682539
0 0.5787037037037037 0.6299603174603174 0.046957671957671955 0.028769841269841268
5 0.6117724867724867 0.5932539682539683 0.05489417989417989 0.08978174603174603
4 0.8060515873015872 0.5632440476190476 0.13789682539682538 0.11061507936507936
11 0.5 0.5353422619047619 0.1984126984126984 0.14360119047619047
10 0.5228174603174602 0.48425099206349204 0.05092592592592592 0.027033730158730156
3 0.5856481481481481 0.4175347222222222 0.1984126984126984 0.09598214285714285
9 0.6722883597883598 0.5653521825396826 0.06349206349206349 0.0900297619047619
19 0.7075066137566137 0.41393849206349204 0.05654761904761904 0.026785714285714284
20 0.7109788359788359 0.37624007936507936 0.0992063492063492 0.04216269841269841
