12 0.5421875 0.3125 0.353125 0.3333333333333333
11 0.503125 0.56875 0.19687500000000002 0.20416666666666666
20 0.76953125 0.19583333333333333 0.0671875 0.12083333333333333
19 0.7609375 0.28229166666666666 0.0625 0.05625
14 0.39765625000000004 0.7708333333333334 0.2078125 0.21666666666666667
8 0.4859375 0.8364583333333333 0.5437500000000001 0.06041666666666667
4 0.19921875 0.659375 0.21406250000000002 0.22291666666666665
16 0.19140625 0.490625 0.0703125 0.05625
6 0.18359375 0.2708333333333333 0.1796875 0.14166666666666666
7 0.19765625 0.15520833333333334 0.1921875 0.13541666666666666
4 0.784375 0.646875 0.16562500000000002 0.28125
5 0.60703125 0.71875 0.0421875 0.19583333333333333
9 0.6578125 0.6333333333333333 0.065625 0.10833333333333334
0 0.56015625 0.8125 0.0578125 0.04583333333333333
13 0.5140625 0.7458333333333333 0.10312500000000001 0.10416666666666667
