0 0.5922619047619048 0.5953621031746031 0.08267195767195767 0.04141865079365079
1 0.14484126984126983 0.5607638888888888 0.23148148148148145 0.1736111111111111
2 0.4313822751322751 0.34102182539682535 0.1875 0.11706349206349206
3 0.6235119047619048 0.33147321428571425 0.2595899470899471 0.11731150793650794
4 0.8973214285714285 0.4967757936507936 0.17096560846560846 0.16666666666666666
5 0.6418650793650793 0.5504712301587301 0.07936507936507936 0.10342261904761904
6 0.1263227513227513 0.34933035714285715 0.21693121693121692 0.10887896825396824
7 0.17427248677248677 0.2632688492063492 0.23148148148148145 0.04389880952380952
8 0.4995039682539682 0.6339285714285714 0.8085317460317459 0.08283730158730158
9 0.7132936507936507 0.48263888888888884 0.08597883597883597 0.04464285714285714
10 0.5416666666666666 0.39967757936507936 0.08465608465608465 0.05530753968253968
11 0.48462301587301587 0.4548611111111111 0.2681878306878307 0.1681547619047619
14 0.34771825396825395 0.5967261904761905 0.32506613756613756 0.16517857142857142
15 0.3831018518518518 0.36445932539682535 0.12136243386243385 0.06820436507936507
16 0.21908068783068782 0.39533730158730157 0.08829365079365079 0.04117063492063492
17 0.5084325396825397 0.7895585317460317 0.7906746031746031 0.1331845238095238
19 0.7895171957671957 0.328125 0.07705026455026455 0.03720238095238095
20 0.7893518518518519 0.28013392857142855 0.0992063492063492 0.04836309523809523
21 0.8715277777777777 0.27914186507936506 0.053902116402116396 0.04241071428571428
