6 0.14 0.11333333333333333 0.20500000000000002 0.2
1 0.16 0.6533333333333333 0.17 0.3288888888888889
16 0.23875000000000002 0.29555555555555557 0.0725 0.07555555555555556
14 0.3975 0.8 0.325 0.3466666666666667
0 0.6425 0.8577777777777778 0.07 0.09777777777777778
5 0.69125 0.7222222222222222 0.0525 0.28
9 0.75375 0.6088888888888889 0.0775 0.2311111111111111
8 0.535 0.9111111111111111 0.785 0.1511111111111111
4 0.91125 0.6 0.17250000000000001 0.4
10 0.5775 0.33111111111111113 0.055 0.07555555555555556
11 0.53625 0.4622222222222222 0.23750000000000002 0.35555555555555557
2 0.47125 0.15333333333333332 0.1775 0.27111111111111114
19 0.8150000000000001 0.14 0.075 0.09333333333333334
20 0.8175 0.04888888888888889 0.11 0.09777777777777778
3 0.6575 0.14888888888888888 0.255 0.27111111111111114
15 0.425 0.23333333333333334 0.105 0.1288888888888889
