12 0.5132850241545893 0.4732142857142857 0.3405797101449275 0.1015625
18 0.17089371980676327 0.49107142857142855 0.1292270531400966 0.0546875
14 0.19565217391304346 0.5412946428571428 0.14251207729468598 0.06584821428571429
8 0.36775362318840576 0.6213727678571428 0.14371980676328502 0.08537946428571429
0 0.28079710144927533 0.5904017857142857 0.08091787439613526 0.03459821428571428
5 0.37801932367149754 0.5789620535714285 0.12318840579710144 0.04854910714285714
9 0.4800724637681159 0.5747767857142857 0.07608695652173912 0.04464285714285714
4 0.5905797101449275 0.6077008928571428 0.21739130434782608 0.08258928571428571
20 0.7584541062801932 0.4829799107142857 0.08695652173913043 0.03850446428571428
19 0.7324879227053139 0.5069754464285714 0.07608695652173912 0.020647321428571428
6 0.3043478260869565 0.40652901785714285 0.0966183574879227 0.03180803571428571
7 0.3834541062801932 0.3942522321428571 0.11714975845410627 0.03404017857142857
11 0.3858695652173913 0.5228794642857143 0.15096618357487923 0.05803571428571428
