12 0.54609375 0.33489583333333334 0.34218750000000003 0.33229166666666665
20 0.7761718750000001 0.209375 0.07734375 0.10833333333333334
19 0.7757812500000001 0.29322916666666665 0.053125000000000006 0.065625
4 0.7996093750000001 0.6807291666666666 0.14140625 0.2552083333333333
9 0.671875 0.6473958333333333 0.065625 0.08020833333333333
11 0.50625 0.5895833333333333 0.2 0.20833333333333334
10 0.53828125 0.4953125 0.051562500000000004 0.06145833333333333
5 0.6140625000000001 0.7567708333333333 0.05 0.19270833333333334
14 0.40664062500000003 0.8041666666666667 0.23359375000000002 0.23958333333333334
8 0.504296875 0.8661458333333333 0.5789062500000001 0.071875
0 0.57421875 0.85625 0.0625 0.052083333333333336
18 0.20546875 0.6942708333333333 0.2015625 0.26979166666666665
16 0.2015625 0.5255208333333333 0.051562500000000004 0.06354166666666666
6 0.18359375 0.2953125 0.1640625 0.153125
7 0.2 0.1546875 0.20468750000000002 0.13854166666666667
