3 0.5420731707317074 0.5173160173160173 0.16707317073170733 0.2727272727272727
20 0.6603658536585366 0.4036796536796537 0.06219512195121951 0.10173160173160173
19 0.6640243902439025 0.4880952380952381 0.054878048780487805 0.07142857142857142
2 0.400609756097561 0.5346320346320347 0.12804878048780488 0.24675324675324675
15 0.37865853658536586 0.5887445887445888 0.06219512195121951 0.11255411255411256
16 0.1676829268292683 0.7077922077922078 0.054878048780487805 0.08225108225108226
6 0.16463414634146342 0.4880952380952381 0.17317073170731706 0.17965367965367965
7 0.20121951219512196 0.3538961038961039 0.18292682926829268 0.14935064935064934
18 0.13475609756097562 0.8668831168831169 0.22073170731707317 0.24891774891774893
14 0.3298780487804878 0.9545454545454546 0.16219512195121952 0.07792207792207792
11 0.44390243902439025 0.7651515151515151 0.17804878048780487 0.3398268398268398
10 0.4774390243902439 0.6699134199134199 0.045121951219512194 0.06277056277056277
9 0.6018292682926829 0.8636363636363636 0.05731707317073171 0.13852813852813853
4 0.7195121951219512 0.8614718614718615 0.11463414634146342 0.2683982683982684
5 0.5469512195121952 0.9253246753246753 0.0475609756097561 0.14502164502164502
