14 0.37378048780487805 0.7031107044830741 0.3304878048780488 0.16376944190301923
18 0.13170731707317074 0.6404391582799634 0.24878048780487805 0.15736505032021958
16 0.15792682926829268 0.5169258920402562 0.07682926829268293 0.05123513266239708
6 0.17378048780487804 0.4290942360475755 0.20609756097560974 0.07502287282708144
7 0.2097560975609756 0.3746569075937786 0.23658536585365852 0.07593778591033852
12 0.5573170731707318 0.4441903019213175 0.3926829268292683 0.15279048490393413
10 0.5573170731707318 0.5160109789569991 0.06829268292682927 0.036596523330283626
8 0.49878048780487805 0.7516010978957 0.775609756097561 0.06129917657822507
0 0.599390243902439 0.7154620311070449 0.08414634146341464 0.04025617566331199
5 0.6585365853658537 0.6747483989021044 0.07073170731707316 0.1344922232387923
9 0.7268292682926829 0.6225983531564502 0.1073170731707317 0.08691674290942361
4 0.8914634146341464 0.6427264409881062 0.17073170731707318 0.17291857273559014
20 0.7853658536585366 0.4025617566331199 0.08536585365853659 0.056724611161939616
19 0.7884146341463415 0.44739249771271733 0.06951219512195123 0.04025617566331199
