1 0.5841463414634146 0.48902439024390243 0.12195121951219512 0.13170731707317074
6 0.42073170731707316 0.1878048780487805 0.18292682926829268 0.1
7 0.39939024390243905 0.11219512195121951 0.22560975609756098 0.1
11 0.8323170731707317 0.2945121951219512 0.17926829268292682 0.1548780487804878
13 0.8475609756097561 0.4371951219512195 0.20243902439024392 0.11585365853658537
8 0.8195121951219512 0.4878048780487805 0.35853658536585364 0.14878048780487804
0 0.9536585365853658 0.44634146341463415 0.04878048780487805 0.04390243902439024
5 0.948170731707317 0.36890243902439024 0.08658536585365853 0.10121951219512196
10 0.8304878048780487 0.23414634146341462 0.041463414634146344 0.03170731707317073
12 0.7878048780487805 0.15853658536585366 0.35365853658536583 0.22439024390243903
20 0.9347560975609757 0.0524390243902439 0.08414634146341464 0.06585365853658537
19 0.9414634146341463 0.10365853658536585 0.04878048780487805 0.041463414634146344
