12 0.539039039039039 0.492 0.35135135135135137 0.224
11 0.49099099099099097 0.682 0.2132132132132132 0.212
8 0.4954954954954955 0.9500000000000001 0.6606606606606606 0.092
0 0.5735735735735735 0.906 0.06606606606606606 0.06
14 0.3783783783783784 0.886 0.22822822822822822 0.22
18 0.15765765765765766 0.802 0.22522522522522523 0.228
16 0.2012012012012012 0.612 0.05405405405405406 0.056
6 0.21621621621621623 0.47000000000000003 0.15615615615615616 0.116
7 0.24924924924924924 0.378 0.18618618618618618 0.1
5 0.6216216216216216 0.8260000000000001 0.05405405405405406 0.156
9 0.6831831831831832 0.768 0.07507507507507508 0.152
4 0.8198198198198198 0.79 0.16216216216216217 0.252
19 0.7537537537537538 0.48 0.07207207207207207 0.064
20 0.7462462462462462 0.40800000000000003 0.08108108108108109 0.08
