8 0.3701219512195122 0.918918918918919 0.4378048780487805 0.11351351351351352
0 0.3975609756097561 0.8540540540540541 0.06341463414634146 0.10270270270270271
5 0.4560975609756098 0.7621621621621621 0.07317073170731707 0.2918918918918919
9 0.5225609756097561 0.6743243243243243 0.054878048780487805 0.22972972972972974
4 0.6310975609756098 0.6851351351351351 0.11829268292682926 0.3756756756756757
20 0.6317073170731707 0.12162162162162163 0.06341463414634146 0.15135135135135136
19 0.6304878048780488 0.2310810810810811 0.03902439024390244 0.1
3 0.4945121951219512 0.28513513513513516 0.17682926829268292 0.2783783783783784
2 0.375 0.3013513513513514 0.10853658536585366 0.2783783783783784
15 0.3432926829268293 0.38243243243243247 0.06219512195121951 0.14864864864864866
11 0.38170731707317074 0.5621621621621622 0.15609756097560976 0.40540540540540543
10 0.4195121951219512 0.4594594594594595 0.036585365853658534 0.07027027027027027
14 0.276219512195122 0.8324324324324325 0.174390243902439 0.2972972972972973
18 0.17134146341463416 0.7243243243243244 0.16219512195121952 0.31891891891891894
16 0.18292682926829268 0.5013513513513513 0.04878048780487805 0.07837837837837838
6 0.21707317073170732 0.3121621621621622 0.11951219512195121 0.16486486486486487
7 0.2451219512195122 0.17297297297297298 0.14390243902439023 0.16216216216216217
