12 0.5516666666666667 0.27166666666666667 0.35833333333333334 0.27
11 0.5108333333333334 0.5033333333333333 0.20333333333333334 0.21333333333333332
10 0.5433333333333333 0.3827777777777778 0.04833333333333334 0.05
20 0.77625 0.17555555555555555 0.07583333333333334 0.09555555555555556
19 0.7783333333333334 0.245 0.06166666666666667 0.0811111111111111
1 0.11625 0.5772222222222222 0.1675 0.1988888888888889
14 0.3616666666666667 0.6844444444444444 0.325 0.2777777777777778
6 0.19125 0.2361111111111111 0.16083333333333336 0.1411111111111111
7 0.21958333333333335 0.13 0.2025 0.14222222222222222
8 0.48708333333333337 0.76 0.6541666666666667 0.09777777777777778
0 0.5695833333333333 0.7127777777777777 0.0675 0.056666666666666664
5 0.6229166666666667 0.6305555555555555 0.06916666666666667 0.19
4 0.8275 0.5855555555555556 0.16833333333333333 0.25555555555555554
