18 0.48597560975609755 0.6774931381518756 0.19878048780487806 0.0978956999085087
14 0.6798780487804879 0.671088746569076 0.16463414634146342 0.08508691674290943
8 0.7176829268292683 0.6784080512351327 0.3426829268292683 0.11985361390667887
0 0.7798780487804878 0.6303751143641354 0.06463414634146342 0.02744739249771272
9 0.7560975609756098 0.5860018298261666 0.026829268292682926 0.03385178408051235
5 0.7548780487804878 0.6148215919487648 0.06097560975609756 0.04208600182982617
16 0.4268292682926829 0.6148215919487648 0.05121951219512195 0.02561756633119854
6 0.3207317073170732 0.5690759377859104 0.15609756097560976 0.04940530649588289
7 0.2945121951219512 0.5256175663311986 0.17682926829268292 0.046660567246111624
12 0.5774390243902439 0.5320219579139982 0.2621951219512195 0.07044830741079598
11 0.6408536585365854 0.5933211344922232 0.16707317073170733 0.05763952424519671
10 0.6286585365853659 0.5562671546203111 0.05731707317073171 0.03110704483074108
20 0.6603658536585366 0.489935956084172 0.06219512195121951 0.04117108874656908
4 0.8176829268292682 0.5850869167429095 0.1329268292682927 0.05580969807868253
